# "description": 'Treatment for neglected\n tropical diseases (2015)'
# "name": "ntd_interventions"
# "units": "people"
13765392.0
0.0
7561.0
0.0
18534219.0
158.0
634.0
39044.0
17476.0
8.0
1699962.0
4127.0
6.0
49839493.0
97.0
0.0
6.0
7300.0
7029345.0
227111.0
1883582.0
0.0
257169.0
11067291.0
9239.0
313.0
11658638.0
5601304.0
136792.0
5610240.0
20630132.0
0.0
4096089.0
10688191.0
7.0
26100630.0
3846506.0
525978.0
1346327.0
765.0
11684.0
18738388.0
11.0
43862.0
2.0
3.0
6082191.0
52564709.0
0.0
108810.0
7546.0
989731.0
1943932.0
1640557.0
702992.0
466357.0
1441264.0
0.0
75106161.0
898821.0
2.0
48.0
1560166.0
171850.0
65.0
147.0
15536903.0
13.0
11.0
3321447.0
9213212.0
1731541.0
747901.0
9831829.0
2399777.0
2.0
0.0
497396247.0
111437132.0
18692.0
2107072.0
0.0
2.0
0.0
343044.0
10.0
258.0
0.0
13642040.0
33294.0
0.0
111901.0
2183066.0
10.0
5.0
523534.0
4048546.0
8.0
33.0
0.0
21298533.0
11426323.0
174457.0
1892.0
18291866.0
0.0
239476.0
690268.0
0.0
9923501.0
72590.0
0.0
43.0
0.0
2742.0
23150013.0
41292086.0
1073269.0
2.0
18850311.0
64.0
3.0
933780.0
15779050.0
140541791.0
0.0
2.0
5.0
31056287.0
15.0
437597.0
6425746.0
795686.0
2831613.0
43430927.0
47.0
6.0
26.0
2.0
0.0
19.0
0.0
5065110.0
2.0
33729.0
1.0
61325.0
0.0
199686.0
3.0
11849373.0
0.0
0.0
7500446.0
10473.0
5.0
7.0
534850.0
5015936.0
6696701.0
9706562.0
91.0
33229.0
26533962.0
56918.0
331005.0
26.0
0.0
50995.0
123178.0
145141.0
0.0
1170044.0
5586475.0
36871.0
19323.0
6773.0
0.0
0.0
10550.0
23239105.0
0.0
0.0
30.0
33064128.0
754.0
6.0
399873.0
266041.0
280243.0
4468764.0
5840695.0
11830416.0
10346543.0
