# "description": 'Government health\n expendature (2014)'
# "name": "govt_expendature"
# "units": "percent of total expendature"
12.0
9.4
9.9
27.9
5.0
18.1
6.9
7.0
17.3
16.3
3.9
14.8
10.5
5.7
10.9
13.8
15.1
13.8
9.6
8.0
11.8
14.1
8.8
6.8
6.5
11.0
11.2
13.2
11.7
6.1
4.3
18.8
14.2
9.0
15.9
10.4
18.1
8.7
8.7
6.1
23.3
7.3
14.0
18.0
7.6
14.9
nan
11.1
16.8
14.1
10.5
17.4
10.2
5.6
16.7
7.0
3.6
13.5
15.7
9.2
12.4
15.7
7.4
15.3
5.0
19.6
6.8
10.0
9.2
17.8
9.0
7.8
9.4
6.1
15.4
10.1
15.7
5.0
5.7
17.5
6.5
13.4
11.6
13.7
8.1
20.3
13.7
10.9
12.8
5.8
5.8
11.9
3.4
9.8
10.7
13.1
11.9
4.9
13.4
13.6
10.2
16.8
6.4
26.6
7.0
15.6
23.8
6.0
10.0
11.6
21.2
18.8
6.7
9.8
6.0
8.8
3.6
13.9
5.2
11.2
20.9
23.4
24.0
5.6
8.2
5.9
18.2
6.8
4.7
18.1
14.6
9.5
11.9
15.0
10.0
10.7
11.9
5.8
12.3
13.3
12.8
9.5
9.9
6.9
11.5
14.8
15.1
13.2
12.4
8.2
8.0
13.9
9.7
10.8
14.1
15.0
12.8
12.5
nan
14.2
4.0
14.5
11.2
11.6
11.8
16.6
19.0
22.7
4.8
6.8
13.3
12.9
2.4
7.8
13.5
8.2
14.2
10.5
8.7
16.9
11.0
10.8
8.7
16.5
12.3
21.3
20.8
10.7
17.9
5.8
14.2
3.9
11.3
8.5
