# "description": 'Road traffic mortality (2013)'
# "name": "traffic_mortality"
# "units": "per 100,000"
15.5
15.1
23.8
7.6
26.9
6.7
13.6
18.3
5.4
5.4
10.0
13.8
8.0
13.6
6.7
13.7
6.7
24.4
27.7
15.1
23.2
17.7
23.6
23.4
8.1
8.3
30.0
31.3
26.1
17.4
27.6
6.0
32.4
24.1
12.4
18.8
16.8
28.0
26.4
24.2
13.9
24.2
9.2
7.5
5.2
6.1
20.8
33.2
3.5
24.7
15.3
29.3
20.1
12.8
21.1
22.9
24.1
7.0
25.3
5.8
4.8
5.1
22.9
29.4
11.8
4.3
26.2
9.1
nan
19.0
27.3
27.5
17.3
15.1
17.4
7.7
4.6
16.6
15.3
32.1
20.2
4.1
3.6
6.1
11.5
4.7
26.3
24.2
29.1
2.9
18.7
22.0
14.3
10.0
22.6
28.2
33.7
24.2
10.6
8.7
28.4
35.0
24.0
3.5
25.6
5.1
5.7
24.5
12.2
12.3
1.9
0.0
21.0
11.9
20.8
31.6
20.3
23.9
nan
17.0
3.4
6.0
15.3
26.4
20.5
nan
3.8
25.4
14.2
4.8
10.0
16.8
20.7
13.9
10.5
10.3
7.8
15.2
12.0
12.5
8.7
18.9
32.1
nan
18.1
8.2
15.8
3.2
31.1
27.4
27.2
7.7
8.6
27.3
3.6
6.6
6.4
19.2
25.4
25.1
27.9
3.7
17.4
24.3
19.1
24.2
2.8
3.3
20.0
18.8
36.2
9.4
16.6
31.1
7.6
14.1
24.4
8.9
17.4
nan
27.4
10.6
10.9
2.9
32.9
10.6
16.6
11.2
16.6
45.1
24.5
21.5
24.7
28.2
