# "description": 'Mortality due to unsafe \nwater and hygeine (2012)'
# "name": "wash_mortality"
# "units": "per 100,000"
34.6
0.2
2.4
nan
111.2
nan
0.7
1.1
0.1
0.1
2.1
0.1
0.1
6.0
0.2
0.2
0.5
1.2
32.2
7.1
7.0
0.1
9.2
1.1
0.1
0.1
40.9
68.4
4.5
5.6
40.9
0.6
102.3
92.8
0.2
0.4
0.8
28.6
48.1
nan
0.7
44.1
0.1
0.7
0.3
0.5
1.4
107.8
0.8
26.4
nan
1.9
1.8
1.6
2.4
57.3
34.9
0.1
29.6
3.0
0.2
0.5
28.1
21.0
0.2
0.9
20.0
0.1
nan
9.2
40.7
48.9
4.0
28.5
7.9
0.1
0.1
27.4
3.6
0.9
3.9
0.3
0.5
0.1
1.9
0.1
1.0
1.2
32.5
nan
0.1
1.8
13.9
0.1
0.4
28.3
25.0
0.6
0.1
0.1
26.6
26.1
0.4
0.6
61.1
0.1
nan
28.9
0.9
1.1
nan
nan
3.1
0.1
3.4
37.9
10.4
9.8
nan
12.9
0.2
0.6
3.5
69.2
50.9
nan
0.5
0.4
20.7
nan
4.1
12.4
2.3
1.3
5.1
0.1
0.1
0.1
0.2
0.1
0.1
0.2
19.4
nan
nan
nan
nan
nan
nan
0.2
25.4
0.3
nan
90.4
0.1
0.1
0.1
10.4
98.8
12.1
50.0
0.3
3.3
34.6
0.8
22.7
1.1
0.3
1.8
7.5
1.9
0.1
10.3
37.9
nan
0.2
0.8
0.8
5.8
nan
30.3
0.4
0.1
0.4
27.6
0.6
0.3
2.4
nan
1.3
2.0
13.0
24.5
27.1
