# "description": 'Clean fuels (2014)'
# "name": "clean_fuels"
# "units": "percent of population"
17.0
67.0
95.0
95.0
48.0
95.0
95.0
95.0
95.0
95.0
95.0
95.0
95.0
10.0
95.0
95.0
95.0
87.0
7.0
68.0
79.0
40.0
63.0
93.0
95.0
79.0
7.0
5.0
71.0
13.0
18.0
95.0
5.0
5.0
95.0
57.0
91.0
7.0
18.0
80.0
95.0
18.0
94.0
87.0
95.0
95.0
7.0
6.0
95.0
10.0
92.0
92.0
95.0
95.0
83.0
22.0
14.0
92.0
5.0
37.0
95.0
95.0
73.0
5.0
55.0
95.0
21.0
95.0
95.0
36.0
6.0
5.0
61.0
9.0
48.0
95.0
95.0
34.0
57.0
95.0
95.0
95.0
95.0
95.0
93.0
95.0
95.0
92.0
6.0
5.0
95.0
76.0
5.0
95.0
95.0
32.0
5.0
nan
95.0
95.0
5.0
5.0
95.0
95.0
5.0
95.0
41.0
45.0
95.0
86.0
25.0
95.0
32.0
74.0
95.0
5.0
9.0
46.0
95.0
26.0
95.0
95.0
49.0
5.0
5.0
91.0
95.0
95.0
45.0
58.0
86.0
31.0
64.0
68.0
45.0
95.0
95.0
95.0
95.0
93.0
82.0
95.0
5.0
95.0
95.0
95.0
27.0
95.0
30.0
95.0
36.0
71.0
95.0
5.0
95.0
95.0
95.0
9.0
9.0
82.0
5.0
95.0
19.0
23.0
91.0
35.0
95.0
95.0
95.0
72.0
76.0
61.0
5.0
6.0
63.0
95.0
95.0
nan
95.0
30.0
5.0
95.0
95.0
95.0
5.0
95.0
95.0
90.0
16.0
95.0
51.0
62.0
16.0
31.0
