# "description": 'Total population (2015)'
# "name": "population"
# "units": "thousands"
32527.0
2897.0
39667.0
70.0
25022.0
92.0
43417.0
3018.0
23969.0
8545.0
9754.0
388.0
1377.0
160996.0
284.0
9496.0
11299.0
359.0
10880.0
775.0
10725.0
3810.0
2262.0
207848.0
423.0
7150.0
18106.0
11179.0
521.0
15578.0
23344.0
35940.0
4900.0
14037.0
17948.0
1383925.0
48229.0
788.0
4620.0
21.0
4808.0
22702.0
4240.0
11390.0
1165.0
10543.0
25155.0
77267.0
5669.0
888.0
73.0
10528.0
16144.0
91508.0
6127.0
845.0
5228.0
1313.0
99391.0
892.0
5503.0
64395.0
1725.0
1991.0
4000.0
80689.0
27410.0
10955.0
107.0
16343.0
12609.0
1844.0
767.0
10711.0
8075.0
9855.0
329.0
1311051.0
257564.0
79109.0
36423.0
4688.0
8064.0
59798.0
2793.0
126573.0
7595.0
17625.0
46050.0
112.0
3892.0
5940.0
6802.0
1971.0
5851.0
2135.0
4503.0
6278.0
2878.0
567.0
24235.0
17215.0
30331.0
364.0
17600.0
419.0
53.0
4068.0
1273.0
127017.0
104.0
38.0
2959.0
626.0
34378.0
27978.0
53897.0
2459.0
10.0
28514.0
16925.0
4529.0
6082.0
19899.0
182202.0
2.0
5211.0
4491.0
188925.0
21.0
3929.0
7619.0
6639.0
31377.0
100699.0
38612.0
10350.0
2235.0
50293.0
4069.0
19511.0
143457.0
11610.0
56.0
185.0
109.0
193.0
32.0
190.0
31540.0
15129.0
8851.0
96.0
6453.0
5604.0
5426.0
2068.0
584.0
10787.0
54490.0
12340.0
46122.0
20715.0
40235.0
543.0
1287.0
9779.0
8299.0
18502.0
8482.0
67959.0
2078.0
1185.0
7305.0
106.0
1360.0
11254.0
78666.0
5374.0
10.0
39032.0
44824.0
9157.0
64716.0
53470.0
321774.0
3432.0
29893.0
265.0
31108.0
93448.0
26832.0
16212.0
15603.0
