# "description": 'Tuberculosis indicence (2015)'
# "name": "tb_indicence"
# "units": "per 100,000"
189.0
19.0
75.0
6.5
370.0
7.5
25.0
41.0
6.0
7.6
69.0
18.0
18.0
225.0
0.0
55.0
9.4
25.0
60.0
155.0
117.0
37.0
356.0
41.0
58.0
24.0
52.0
122.0
139.0
380.0
212.0
5.1
391.0
152.0
16.0
67.0
31.0
35.0
379.0
7.8
11.0
159.0
13.0
7.0
6.2
5.2
561.0
324.0
6.0
378.0
11.0
60.0
52.0
15.0
43.0
172.0
65.0
18.0
192.0
51.0
5.6
8.2
465.0
174.0
99.0
8.1
160.0
4.5
5.4
25.0
177.0
373.0
93.0
194.0
43.0
9.3
2.4
217.0
395.0
16.0
43.0
7.2
4.0
5.8
4.6
17.0
7.0
89.0
233.0
551.0
22.0
144.0
182.0
41.0
13.0
788.0
308.0
40.0
56.0
6.1
236.0
193.0
89.0
53.0
57.0
8.8
344.0
107.0
22.0
21.0
124.0
0.0
428.0
21.0
107.0
551.0
365.0
489.0
113.0
156.0
5.8
7.4
51.0
95.0
322.0
8.1
6.3
8.4
270.0
76.0
50.0
432.0
41.0
119.0
322.0
19.0
23.0
34.0
80.0
152.0
84.0
80.0
56.0
5.1
8.8
7.4
11.0
2.5
97.0
12.0
139.0
21.0
9.5
307.0
44.0
6.5
7.2
89.0
274.0
834.0
146.0
12.0
65.0
88.0
33.0
565.0
9.2
7.4
20.0
87.0
172.0
13.0
498.0
52.0
15.0
17.0
37.0
18.0
70.0
232.0
202.0
91.0
1.6
10.0
306.0
3.2
30.0
79.0
63.0
29.0
137.0
48.0
391.0
242.0
