# "description": 'Health professionals (2005–2015)'
# "name": "health_professionals"
# "units": "per 10,000"
6.6
nan
31.2
81.3
15.9
nan
nan
78.0
157.2
133.2
97.5
67.1
33.8
6.0
65.7
149.7
127.8
25.8
7.5
13.4
14.8
74.8
31.1
93.0
96.6
88.6
6.8
nan
8.7
11.2
6.0
119.5
3.0
3.5
11.8
31.5
22.2
nan
10.5
69.5
19.5
6.2
92.7
155.0
64.0
120.0
68.7
10.5
204.6
7.9
nan
28.3
37.5
22.5
24.1
nan
nan
92.9
2.8
27.3
174.5
138.3
nan
10.0
86.0
176.0
10.2
96.9
45.2
17.6
nan
7.3
7.4
nan
15.2
98.8
201.4
27.5
15.7
30.4
26.6
150.9
88.8
104.2
14.8
130.9
55.1
111.4
10.7
48.2
66.8
77.1
10.4
82.5
49.4
nan
2.8
90.0
122.8
152.5
3.6
3.5
46.8
72.0
5.3
125.8
40.1
7.8
nan
45.8
38.0
266.3
65.6
76.9
14.9
4.6
15.0
31.3
78.8
nan
116.9
135.7
23.0
1.6
18.3
116.3
218.3
48.9
14.1
72.8
38.5
5.9
23.3
26.1
nan
80.1
108.0
76.6
79.0
78.5
89.1
78.8
7.3
nan
19.6
nan
23.6
149.1
nan
77.7
4.9
75.1
54.2
3.4
75.6
94.6
113.8
22.1
1.1
58.8
nan
91.8
24.8
42.2
nan
15.3
160.0
219.3
38.5
64.4
24.7
70.1
12.7
3.6
44.1
47.5
48.4
42.7
68.5
77.5
14.6
96.8
46.2
112.4
4.6
117.8
97.9
141.0
24.0
nan
24.1
10.7
8.3
12.7
