# "description": 'Deaths from major \nconflicts (2011-2015)'
# "name": "conflict_deaths"
# "units": "per 100,000"
40.9
0.1
1.0
nan
0.0
0.0
0.0
0.0
0.1
0.1
0.3
0.0
2.0
0.1
0.0
0.1
0.1
0.0
0.0
0.0
0.0
0.1
0.0
0.2
0.0
0.1
0.1
0.1
0.0
0.1
1.2
0.1
25.6
0.1
0.1
0.1
0.8
0.0
0.0
nan
0.0
0.5
0.0
0.0
0.0
0.1
0.0
1.8
0.1
0.1
nan
0.0
0.1
0.4
0.0
0.0
0.1
0.1
0.2
0.0
0.1
0.1
0.0
0.0
0.1
0.1
0.0
0.1
0.0
0.2
0.2
0.1
0.0
0.0
0.1
0.0
0.0
0.1
0.1
0.1
83.6
0.1
0.3
0.0
0.0
0.1
0.1
0.1
0.6
0.0
0.1
0.1
0.0
0.0
3.8
0.0
0.0
19.6
0.0
0.0
0.1
0.0
0.1
0.0
3.7
0.0
nan
0.3
0.0
1.1
0.0
nan
0.0
0.0
0.1
0.1
1.6
0.0
nan
0.1
0.0
0.0
0.1
0.2
3.1
nan
0.3
0.0
4.2
nan
0.0
0.2
0.1
0.1
1.1
0.0
0.0
0.0
0.0
0.0
0.0
0.5
0.7
nan
0.0
0.0
0.0
nan
0.0
0.1
0.1
0.1
0.0
0.0
0.0
0.0
0.0
0.0
35.8
0.1
21.1
0.1
0.1
7.0
0.0
0.0
0.0
0.0
309.0
0.1
0.7
0.3
0.0
0.0
0.0
0.0
0.3
0.8
0.1
nan
1.9
6.2
0.1
0.1
0.1
0.1
0.0
0.0
0.0
0.1
0.0
14.3
0.0
0.1
