# "description": 'Under-five mortality (2015)'
# "name": "under_five_mortality"
# "units": "per 1,000 live births"
91.1
14.0
25.5
2.8
156.9
8.1
12.5
14.1
3.8
3.5
31.7
12.1
6.2
37.6
13.0
4.6
4.1
16.5
99.5
32.9
38.4
5.4
43.6
16.4
10.2
10.4
88.6
81.7
24.5
28.7
87.9
4.9
130.1
138.7
8.1
10.7
15.9
73.5
45.0
8.1
9.7
92.6
4.3
5.5
2.7
3.4
24.9
98.3
3.5
65.3
21.2
30.9
21.6
24.0
16.8
94.1
46.5
2.9
59.2
22.4
2.3
4.3
50.8
68.9
11.9
3.7
61.6
4.6
11.8
29.1
93.7
92.5
39.4
69.0
20.4
5.9
2.0
47.7
27.2
15.5
32.0
3.6
4.0
3.5
15.7
2.7
17.9
14.1
49.4
55.9
8.6
21.3
66.7
7.9
8.3
90.2
69.9
13.4
5.2
1.9
49.6
64.0
7.0
8.6
114.7
6.4
36.0
84.7
13.5
13.2
34.7
3.5
22.4
4.7
27.6
78.5
50.0
45.4
35.4
35.8
3.8
5.7
22.1
95.5
108.8
23.0
2.6
11.6
81.1
16.4
17.0
57.3
20.5
16.9
28.0
5.2
3.6
8.0
3.4
15.8
11.1
9.6
41.7
10.5
14.3
18.3
17.5
2.9
47.3
14.5
47.2
6.7
13.6
120.4
2.7
7.3
2.6
28.1
136.8
40.5
92.6
4.1
9.8
70.1
21.3
60.7
3.0
3.9
12.9
44.8
12.3
5.5
52.6
78.4
16.7
20.4
14.0
13.5
51.4
27.1
54.6
9.0
6.8
4.2
48.7
6.5
10.1
39.1
27.5
14.9
21.7
41.9
64.0
70.7
