# "description": 'Annual natural diaster \ndeaths (2011-2015)'
# "name": "natural_disasters"
# "units": "per 100,000"
0.8
0.0
0.1
nan
0.1
0.0
0.1
0.0
0.1
0.2
0.0
0.0
0.0
0.1
0.0
0.0
0.1
0.0
0.1
0.0
0.5
0.1
0.1
0.2
0.0
0.1
0.1
0.2
0.0
0.7
0.1
0.1
0.0
0.1
0.1
0.1
0.3
0.1
0.1
nan
0.1
0.1
0.1
0.2
0.0
0.2
0.2
0.1
0.1
0.0
nan
0.1
0.2
0.0
0.1
0.0
0.0
0.0
0.0
0.4
0.0
0.2
0.0
0.1
0.2
0.1
0.2
0.1
0.0
0.2
0.0
0.0
0.0
0.4
0.1
0.0
0.0
0.2
0.1
0.1
0.1
0.1
0.1
0.1
0.0
4.2
0.0
0.1
0.1
0.0
0.0
0.0
0.2
0.0
0.0
0.2
0.0
0.1
0.0
0.0
0.2
0.2
0.1
0.0
0.1
0.0
nan
0.1
0.2
0.2
1.3
nan
0.0
0.0
0.1
0.2
0.1
0.9
nan
7.2
0.1
0.9
0.2
0.2
0.1
nan
0.1
0.1
0.4
nan
0.3
0.2
0.1
0.1
2.5
0.1
0.1
0.0
0.3
0.0
0.6
0.1
0.1
nan
0.7
2.2
2.4
nan
0.0
0.1
0.1
0.1
0.0
0.1
0.0
0.0
0.1
2.0
0.4
0.1
0.3
0.1
0.4
0.1
0.0
0.2
0.1
0.1
0.0
0.1
0.3
0.0
0.0
0.0
0.0
0.0
0.0
0.2
0.0
nan
0.1
0.1
0.0
0.1
0.1
0.4
0.0
0.1
0.9
0.1
0.1
0.1
0.0
0.2
