# "description": 'Life expectancy, \nmale (2015)'
# "name": "life_expectancy_male"
# "units": "years"
59.3
75.1
73.8
nan
50.9
74.1
72.7
71.6
80.9
79.0
69.6
72.9
76.2
70.6
73.1
66.5
78.6
67.5
58.8
69.5
68.2
75.0
63.3
71.4
76.3
71.1
59.1
57.7
71.3
66.6
55.9
80.2
50.9
51.7
77.4
74.6
71.2
61.9
63.2
nan
77.1
52.3
74.7
76.9
78.3
75.9
67.0
58.3
78.6
61.8
nan
70.9
73.5
68.8
68.8
56.6
62.4
72.7
62.8
67.0
78.3
79.4
64.7
59.8
70.3
78.7
61.0
78.3
71.2
68.5
58.2
57.2
63.9
61.5
72.3
72.3
81.2
66.9
67.1
74.5
66.2
79.4
80.6
80.5
73.9
80.5
72.5
65.7
61.1
63.7
73.7
67.2
64.1
69.6
73.5
51.7
59.8
70.1
68.1
79.8
63.9
56.7
72.7
76.9
58.2
79.7
nan
61.6
71.4
73.9
68.1
nan
64.7
74.1
73.3
55.7
64.6
63.1
nan
67.7
80.0
80.0
71.5
60.9
53.4
nan
79.8
75.0
65.5
nan
74.7
60.6
72.2
73.1
65.3
73.6
78.2
77.4
78.8
67.9
71.4
64.7
61.9
nan
72.6
71.3
70.9
nan
65.6
73.2
64.6
72.9
69.1
49.3
80.0
72.9
77.9
67.9
53.5
59.3
56.1
80.1
71.6
62.4
68.6
56.6
80.7
81.3
59.9
66.6
71.9
73.5
66.6
58.6
70.6
67.9
73.0
72.6
62.2
nan
60.3
66.3
76.4
79.4
59.9
76.9
73.3
66.1
70.1
70.0
71.3
64.3
59.0
59.0
