# "description": 'Maternal mortality (2015)'
# "name": "maternal_mortality"
# "units": "per 100,000 live births"
396.0
29.0
140.0
nan
477.0
nan
52.0
25.0
6.0
4.0
25.0
80.0
15.0
176.0
27.0
4.0
7.0
28.0
405.0
148.0
206.0
11.0
129.0
44.0
23.0
11.0
371.0
712.0
42.0
161.0
596.0
7.0
882.0
856.0
22.0
27.0
64.0
335.0
442.0
nan
25.0
645.0
8.0
39.0
7.0
4.0
82.0
693.0
6.0
229.0
nan
92.0
64.0
33.0
54.0
342.0
501.0
9.0
353.0
30.0
3.0
8.0
291.0
706.0
36.0
6.0
319.0
3.0
27.0
88.0
679.0
549.0
229.0
359.0
129.0
17.0
3.0
174.0
126.0
25.0
50.0
8.0
5.0
4.0
89.0
5.0
58.0
12.0
510.0
90.0
4.0
76.0
197.0
18.0
15.0
487.0
725.0
9.0
10.0
10.0
353.0
634.0
40.0
68.0
587.0
9.0
nan
602.0
53.0
38.0
100.0
nan
44.0
7.0
121.0
489.0
178.0
265.0
nan
258.0
7.0
11.0
150.0
553.0
814.0
nan
5.0
17.0
178.0
nan
94.0
215.0
132.0
68.0
114.0
3.0
10.0
13.0
11.0
23.0
31.0
25.0
290.0
nan
48.0
45.0
51.0
nan
156.0
12.0
315.0
17.0
nan
1360.0
10.0
6.0
9.0
114.0
732.0
138.0
789.0
5.0
30.0
311.0
155.0
389.0
4.0
5.0
68.0
32.0
20.0
8.0
215.0
368.0
124.0
63.0
62.0
16.0
42.0
nan
343.0
24.0
6.0
9.0
398.0
14.0
15.0
36.0
78.0
95.0
54.0
385.0
224.0
443.0
