# "description": 'Life expectancy, \nfemale (2015)'
# "name": "life_expectancy_female"
# "units": "years"
61.9
80.7
77.5
nan
54.0
78.6
79.9
77.7
84.8
83.9
75.8
79.1
77.9
73.1
77.9
78.0
83.5
73.1
61.1
70.1
73.3
79.7
68.1
78.7
79.2
78.0
60.5
61.6
75.0
70.7
58.6
84.1
54.1
54.5
83.4
77.6
78.4
65.2
66.3
nan
82.2
54.4
81.2
81.4
82.7
81.7
74.0
61.5
82.5
65.3
nan
77.1
79.0
73.2
77.9
60.0
67.0
82.0
66.8
73.1
83.8
85.4
67.2
62.5
78.3
83.4
63.9
83.6
76.1
75.2
59.8
60.5
68.5
65.5
77.0
79.1
84.1
69.9
71.2
76.6
71.8
83.4
84.3
84.8
78.6
86.8
75.9
74.7
65.8
68.8
76.0
75.1
67.2
79.2
76.5
55.4
62.9
75.6
79.1
84.0
67.0
59.9
77.3
80.2
58.3
83.7
nan
64.6
77.8
79.5
70.6
nan
73.2
78.1
75.4
59.4
68.5
68.3
nan
70.8
83.6
83.3
77.9
62.8
55.6
nan
83.7
79.2
67.5
nan
81.1
65.4
76.0
78.0
72.0
81.3
83.9
80.0
85.5
76.2
78.8
76.3
67.4
nan
77.9
75.2
77.5
nan
69.4
76.0
68.6
78.4
78.0
50.8
86.1
80.2
83.7
70.8
56.6
66.2
58.6
85.5
78.3
65.9
74.7
61.1
84.0
85.3
69.9
73.6
78.0
77.8
70.1
61.1
76.4
74.8
77.8
78.9
70.5
nan
64.3
76.1
78.6
83.0
63.8
81.6
80.4
72.7
74.0
78.5
80.7
67.2
64.7
62.3
