# "description": 'Life expectancy (2015)'
# "name": "life_expectancy"
# "units": "years"
60.5
77.8
75.6
nan
52.4
76.4
76.3
74.8
82.8
81.5
72.7
76.1
76.9
71.8
75.5
72.3
81.1
70.1
60.0
69.8
70.7
77.4
65.7
75.0
77.7
74.5
59.9
59.6
73.3
68.7
57.3
82.2
52.5
53.1
80.5
76.1
74.8
63.5
64.7
nan
79.6
53.3
78.0
79.1
80.5
78.8
70.6
59.8
80.6
63.5
nan
73.9
76.2
70.9
73.5
58.2
64.7
77.6
64.8
69.9
81.1
82.4
66.0
61.1
74.4
81.0
62.4
81.0
73.6
71.9
59.0
58.9
66.2
63.5
74.6
75.9
82.7
68.3
69.1
75.5
68.9
81.4
82.5
82.7
76.2
83.7
74.1
70.2
63.4
66.3
74.7
71.1
65.7
74.6
74.9
53.7
61.4
72.7
73.6
82.0
65.5
58.3
75.0
78.5
58.2
81.7
nan
63.1
74.6
76.7
69.4
nan
68.8
76.1
74.3
57.6
66.6
65.8
nan
69.2
81.9
81.6
74.8
61.8
54.5
nan
81.8
76.6
66.4
nan
77.8
62.9
74.0
75.5
68.5
77.5
81.1
78.2
82.3
72.1
75.0
70.5
64.8
nan
75.2
73.2
74.0
nan
67.5
74.5
66.7
75.6
73.2
50.1
83.1
76.7
80.8
69.2
55.0
62.9
57.3
82.8
74.9
64.1
71.6
58.9
82.4
83.4
64.5
69.7
74.9
75.7
68.3
59.9
73.5
71.2
75.3
75.8
66.3
nan
62.3
71.3
77.1
81.2
61.8
79.3
77.0
69.4
72.0
74.1
76.0
65.7
61.8
60.7
