# "description": 'Mortality due to \nair pollution (2012)'
# "name": "air_pollution_mortality"
# "units": "per 100,000"
114.8
166.1
30.6
nan
105.8
nan
24.6
93.2
0.4
34.2
47.0
20.3
11.1
68.6
17.3
100.8
30.2
17.1
92.6
58.9
48.9
230.6
39.1
15.8
0.2
217.3
96.5
106.5
56.1
71.4
91.8
5.4
97.0
124.2
19.3
161.1
22.0
73.5
93.2
nan
16.9
90.7
79.9
66.0
19.8
58.0
238.4
118.5
20.3
81.8
nan
26.1
12.8
50.9
42.7
99.3
84.9
47.0
57.4
95.1
6.0
17.2
50.1
71.2
204.9
32.5
80.0
45.1
nan
37.3
89.3
106.5
84.7
115.2
54.6
122.8
6.4
133.7
85.0
35.2
33.5
14.6
15.8
35.2
35.6
24.2
21.2
90.0
60.0
nan
14.2
87.1
108.3
101.6
29.1
80.4
71.3
33.2
73.5
19.8
85.2
72.7
21.6
15.3
117.1
31.1
nan
64.6
20.3
23.5
nan
nan
132.4
137.6
25.1
65.7
128.2
48.0
nan
103.2
24.0
0.5
63.9
111.7
99.0
nan
12.7
14.5
87.2
nan
22.9
46.3
54.5
33.0
88.7
68.9
16.8
8.9
23.2
101.4
129.5
98.6
68.6
nan
nan
nan
nan
nan
nan
27.5
45.7
137.3
nan
143.8
20.7
64.0
36.7
54.3
116.9
51.6
95.1
14.7
125.4
64.5
22.1
62.6
0.4
18.5
30.0
92.0
64.0
137.5
91.6
81.1
nan
26.8
42.6
51.0
70.9
nan
70.5
140.4
7.3
25.7
51.4
12.1
21.4
76.5
nan
20.5
83.2
61.3
65.4
52.9
