# "description": 'Neonatal moraltiy  (2015)'
# "name": "neonatal_moratlity"
# "units": "per 1,000 live births"
35.5
6.2
15.5
1.4
48.7
4.9
6.3
7.4
2.2
2.1
18.2
6.9
1.1
23.3
8.0
1.9
2.2
8.3
31.8
18.3
19.6
4.0
21.9
8.9
4.3
5.6
26.7
28.6
12.2
14.8
25.7
3.2
42.6
39.3
4.9
5.5
8.5
34.0
18.0
4.4
6.2
37.9
2.6
2.3
1.5
1.8
13.5
30.1
2.5
33.4
15.6
21.7
10.8
12.8
8.3
33.1
18.4
1.5
27.7
9.6
1.3
2.2
23.2
29.9
7.2
2.1
28.3
2.9
6.0
13.4
31.3
39.7
22.8
25.4
11.0
3.5
0.9
27.7
13.5
9.5
18.4
2.3
2.1
2.1
11.6
0.9
10.6
7.0
22.2
23.7
3.2
11.5
30.1
5.2
4.8
32.7
24.1
7.2
2.5
0.9
19.7
21.8
3.9
4.9
37.8
4.4
16.7
35.7
8.4
7.0
18.8
1.9
11.1
3.1
17.6
27.1
26.4
15.9
22.7
22.2
2.4
3.1
9.8
26.8
34.3
12.5
1.5
5.2
45.5
9.0
9.6
24.5
10.9
8.2
12.6
3.1
2.0
3.8
1.6
11.9
6.3
5.0
18.7
6.5
9.3
11.5
9.5
0.7
17.1
7.9
20.8
4.2
8.6
34.9
1.0
4.2
1.4
12.2
39.7
11.0
39.3
2.8
5.4
29.8
11.5
14.2
1.6
2.7
7.0
20.5
6.7
3.5
22.3
26.7
6.9
13.2
8.2
7.1
22.6
17.6
18.7
5.5
3.5
2.4
18.8
3.6
5.1
20.4
11.6
8.9
11.4
22.1
21.4
23.5
