# "description": 'Clean water (2015)'
# "name": "clean_water"
# "units": "percent of population"
55.0
95.0
84.0
100.0
49.0
98.0
99.0
100.0
100.0
100.0
87.0
98.0
100.0
87.0
100.0
100.0
100.0
100.0
78.0
100.0
90.0
100.0
96.0
98.0
nan
99.0
82.0
76.0
92.0
76.0
76.0
100.0
69.0
51.0
99.0
96.0
91.0
90.0
77.0
100.0
98.0
82.0
100.0
95.0
100.0
100.0
100.0
52.0
100.0
90.0
nan
85.0
87.0
99.0
94.0
48.0
58.0
100.0
57.0
96.0
100.0
100.0
93.0
90.0
100.0
100.0
89.0
100.0
97.0
93.0
77.0
79.0
98.0
58.0
91.0
100.0
100.0
94.0
87.0
96.0
87.0
98.0
100.0
100.0
94.0
100.0
97.0
93.0
63.0
67.0
99.0
90.0
76.0
99.0
99.0
82.0
76.0
nan
97.0
100.0
52.0
90.0
98.0
99.0
77.0
100.0
95.0
58.0
100.0
96.0
89.0
100.0
64.0
100.0
85.0
51.0
81.0
91.0
97.0
92.0
100.0
100.0
87.0
58.0
69.0
99.0
100.0
93.0
91.0
nan
95.0
40.0
98.0
87.0
92.0
98.0
100.0
100.0
nan
88.0
100.0
97.0
76.0
98.0
96.0
95.0
99.0
nan
97.0
97.0
79.0
99.0
96.0
63.0
100.0
100.0
100.0
81.0
nan
93.0
59.0
100.0
96.0
nan
95.0
74.0
100.0
100.0
90.0
74.0
98.0
99.0
72.0
63.0
100.0
95.0
98.0
100.0
nan
98.0
79.0
96.0
100.0
100.0
56.0
99.0
100.0
nan
95.0
93.0
98.0
nan
65.0
77.0
