# "description": 'DTP immunization (2015)'
# "name": "dpt_immunization"
# "units": "percent"
78.0
98.0
95.0
97.0
64.0
99.0
94.0
94.0
93.0
98.0
96.0
95.0
98.0
94.0
97.0
99.0
99.0
94.0
79.0
99.0
99.0
82.0
95.0
96.0
99.0
91.0
91.0
94.0
93.0
89.0
84.0
91.0
47.0
55.0
96.0
99.0
91.0
80.0
80.0
99.0
92.0
83.0
94.0
99.0
97.0
99.0
96.0
81.0
93.0
84.0
98.0
85.0
78.0
93.0
91.0
16.0
95.0
93.0
86.0
99.0
98.0
98.0
80.0
97.0
94.0
96.0
88.0
99.0
92.0
74.0
51.0
80.0
95.0
60.0
85.0
99.0
92.0
87.0
81.0
98.0
58.0
95.0
94.0
93.0
91.0
96.0
99.0
98.0
89.0
87.0
99.0
97.0
89.0
95.0
81.0
93.0
52.0
94.0
93.0
99.0
69.0
88.0
99.0
99.0
68.0
97.0
85.0
73.0
97.0
87.0
72.0
99.0
99.0
89.0
99.0
80.0
75.0
92.0
91.0
91.0
95.0
92.0
98.0
65.0
56.0
99.0
95.0
99.0
72.0
90.0
73.0
62.0
93.0
90.0
60.0
98.0
98.0
99.0
98.0
87.0
89.0
97.0
98.0
93.0
99.0
98.0
66.0
76.0
96.0
98.0
89.0
95.0
97.0
86.0
96.0
96.0
95.0
98.0
42.0
69.0
31.0
97.0
99.0
93.0
89.0
90.0
98.0
97.0
41.0
96.0
99.0
91.0
76.0
88.0
82.0
96.0
98.0
96.0
99.0
96.0
78.0
23.0
94.0
96.0
98.0
95.0
95.0
99.0
64.0
87.0
97.0
69.0
90.0
87.0
