# "description": 'Healthy life expectancy  (2015)'
# "name": "life_expectancy_healthy"
# "units": "years"
52.2
68.8
66.0
nan
45.8
67.5
67.6
66.8
71.9
72.0
64.7
66.6
67.0
62.3
66.6
65.1
71.1
62.3
52.5
61.2
62.2
68.6
56.9
65.5
70.4
66.4
52.6
52.2
64.4
58.9
50.3
72.3
45.9
46.1
70.4
68.5
65.1
55.9
56.6
nan
69.7
47.0
69.4
69.2
71.3
69.4
64.0
51.7
71.2
55.8
nan
65.1
67.0
62.2
64.1
51.2
55.9
68.9
56.1
62.9
71.0
72.6
57.2
53.8
66.5
71.3
55.3
71.9
65.0
62.1
51.7
51.5
58.9
55.4
64.9
67.4
72.7
59.5
62.2
66.6
60.0
71.5
72.8
72.8
66.9
74.9
65.0
63.3
55.6
59.1
65.8
63.8
57.9
67.1
65.7
46.6
52.7
63.8
66.0
71.8
56.9
51.2
66.5
69.6
51.1
71.7
nan
55.1
66.8
67.4
62.5
nan
62.0
67.9
64.9
49.6
59.2
57.5
nan
61.1
72.2
71.6
63.7
54.2
47.7
nan
72.0
66.7
57.8
nan
68.1
56.4
65.2
65.6
61.1
68.7
71.4
67.7
73.2
64.8
66.8
63.3
55.5
nan
66.1
64.6
66.6
nan
59.1
64.5
58.3
67.7
65.5
44.4
73.9
68.1
71.1
62.1
47.8
54.5
49.9
72.4
67.0
55.9
63.1
50.9
72.0
73.1
56.1
62.1
66.8
67.5
60.7
52.8
66.0
63.3
66.7
66.2
59.8
nan
54.0
64.1
67.9
71.4
54.1
69.1
67.9
62.4
64.6
65.2
66.6
57.7
53.6
52.3
