# "description": 'Attended births (2005–2016)'
# "name": "attended_births"
# "units": "percent"
51.0
99.0
97.0
nan
47.0
100.0
100.0
100.0
99.0
99.0
100.0
98.0
100.0
42.0
99.0
100.0
nan
94.0
77.0
75.0
85.0
100.0
100.0
99.0
100.0
100.0
66.0
60.0
92.0
89.0
65.0
98.0
40.0
20.0
100.0
100.0
99.0
82.0
94.0
100.0
99.0
59.0
100.0
99.0
97.0
100.0
100.0
80.0
98.0
87.0
100.0
98.0
96.0
92.0
98.0
68.0
34.0
99.0
28.0
99.0
100.0
98.0
89.0
57.0
100.0
99.0
71.0
nan
99.0
66.0
45.0
45.0
86.0
49.0
83.0
99.0
nan
81.0
87.0
96.0
91.0
100.0
nan
100.0
99.0
100.0
100.0
100.0
62.0
98.0
99.0
98.0
40.0
98.0
nan
78.0
61.0
100.0
100.0
100.0
44.0
90.0
99.0
96.0
49.0
100.0
90.0
65.0
100.0
96.0
100.0
nan
99.0
99.0
74.0
54.0
60.0
88.0
97.0
56.0
nan
97.0
88.0
40.0
35.0
100.0
99.0
99.0
52.0
100.0
94.0
53.0
96.0
90.0
73.0
100.0
99.0
100.0
100.0
100.0
99.0
100.0
91.0
100.0
99.0
99.0
83.0
nan
93.0
98.0
53.0
100.0
99.0
60.0
100.0
99.0
100.0
86.0
9.0
94.0
19.0
nan
99.0
78.0
90.0
88.0
nan
nan
96.0
90.0
100.0
100.0
29.0
45.0
96.0
100.0
74.0
97.0
100.0
93.0
57.0
100.0
nan
nan
49.0
99.0
100.0
100.0
89.0
100.0
94.0
45.0
63.0
78.0
