# "description": 'Sanitation (2015)'
# "name": "sanitation"
# "units": "percent of population"
32.0
93.0
88.0
100.0
52.0
nan
96.0
90.0
100.0
100.0
89.0
92.0
99.0
61.0
96.0
94.0
100.0
91.0
20.0
50.0
50.0
95.0
63.0
83.0
nan
86.0
20.0
48.0
72.0
42.0
46.0
100.0
22.0
12.0
99.0
77.0
81.0
36.0
15.0
98.0
95.0
23.0
97.0
93.0
100.0
99.0
82.0
29.0
100.0
47.0
nan
84.0
85.0
95.0
75.0
75.0
16.0
97.0
28.0
91.0
98.0
99.0
42.0
59.0
86.0
99.0
15.0
99.0
98.0
64.0
20.0
21.0
84.0
28.0
83.0
98.0
99.0
40.0
61.0
90.0
86.0
91.0
100.0
100.0
82.0
100.0
99.0
98.0
30.0
40.0
100.0
93.0
71.0
88.0
81.0
30.0
17.0
97.0
92.0
98.0
12.0
41.0
96.0
98.0
25.0
100.0
77.0
40.0
93.0
85.0
57.0
100.0
60.0
96.0
77.0
21.0
80.0
34.0
66.0
46.0
98.0
nan
68.0
11.0
29.0
100.0
98.0
97.0
64.0
100.0
75.0
19.0
89.0
76.0
74.0
97.0
100.0
98.0
100.0
76.0
79.0
72.0
62.0
nan
91.0
nan
92.0
nan
35.0
100.0
48.0
96.0
98.0
13.0
100.0
99.0
99.0
30.0
nan
66.0
7.0
100.0
95.0
nan
79.0
58.0
99.0
100.0
96.0
95.0
93.0
91.0
41.0
12.0
91.0
92.0
92.0
95.0
nan
nan
19.0
96.0
98.0
99.0
16.0
100.0
96.0
100.0
58.0
94.0
78.0
nan
44.0
37.0
