# "description": 'Mortality due to unintentional \npoisoning (2015)'
# "name": "poisoning_mortality"
# "units": "per 100,000"
1.6
0.3
1.1
nan
5.7
0.6
0.8
0.7
0.5
0.4
0.7
0.3
0.3
0.3
0.5
3.6
0.5
0.8
3.2
0.9
4.5
1.9
1.5
0.2
0.2
0.8
3.1
5.6
0.5
0.9
3.1
0.6
4.9
5.0
0.3
1.6
0.3
3.7
1.8
nan
0.4
4.0
0.3
0.4
0.3
0.5
2.3
3.6
0.4
3.0
nan
0.4
0.8
0.5
0.4
2.9
3.6
0.9
2.5
0.5
0.6
0.8
1.5
2.6
0.9
0.2
1.6
0.3
0.8
1.2
2.9
2.8
1.0
2.8
0.6
0.4
0.7
1.9
0.5
1.4
0.5
0.4
0.2
0.5
0.5
0.5
0.7
2.8
2.0
2.0
0.2
0.9
1.3
1.4
0.4
3.1
2.1
0.8
1.2
0.3
2.4
2.7
0.6
0.6
3.2
0.2
nan
2.4
0.1
0.5
1.1
nan
2.2
0.7
0.7
3.3
1.8
2.0
nan
0.6
0.2
0.3
0.6
3.6
3.1
nan
1.1
0.2
1.5
nan
0.6
2.0
0.5
1.1
0.2
0.4
0.3
0.3
0.6
1.5
0.7
2.1
2.7
nan
0.3
0.5
0.7
nan
1.4
0.9
2.1
0.5
0.5
4.7
0.1
0.5
0.4
1.3
3.7
1.2
3.9
0.4
0.4
4.2
0.7
3.3
0.6
0.2
0.7
1.9
0.5
0.4
1.0
2.5
1.4
0.4
0.6
0.5
1.2
nan
3.1
3.0
0.3
0.4
2.4
1.2
0.7
1.5
0.9
0.3
1.0
2.9
2.9
2.1
