# "description": 'Average of 13 health \ncapacity scores (2010–2016)'
# "name": "score_avg"
# "units": "arbitrary units"
42.0
nan
73.0
29.0
18.0
81.0
76.0
96.0
100.0
87.0
84.0
75.0
96.0
76.0
84.0
90.0
82.0
55.0
28.0
76.0
77.0
57.0
62.0
97.0
92.0
69.0
50.0
62.0
62.0
55.0
54.0
100.0
29.0
40.0
79.0
98.0
89.0
29.0
44.0
56.0
86.0
78.0
71.0
99.0
93.0
91.0
73.0
71.0
89.0
46.0
62.0
71.0
81.0
94.0
94.0
27.0
49.0
71.0
79.0
98.0
96.0
89.0
52.0
33.0
82.0
99.0
74.0
76.0
66.0
55.0
57.0
49.0
85.0
56.0
83.0
85.0
72.0
98.0
99.0
85.0
91.0
78.0
71.0
90.0
83.0
100.0
72.0
78.0
69.0
60.0
85.0
50.0
75.0
91.0
76.0
74.0
26.0
64.0
82.0
88.0
29.0
40.0
100.0
60.0
55.0
79.0
51.0
29.0
70.0
97.0
86.0
79.0
86.0
56.0
95.0
69.0
84.0
81.0
42.0
72.0
94.0
96.0
88.0
75.0
64.0
61.0
98.0
95.0
53.0
91.0
71.0
64.0
79.0
70.0
87.0
74.0
93.0
97.0
100.0
81.0
77.0
99.0
46.0
60.0
77.0
65.0
75.0
40.0
16.0
97.0
30.0
37.0
88.0
47.0
99.0
95.0
74.0
57.0
6.0
100.0
50.0
95.0
79.0
71.0
72.0
56.0
93.0
92.0
63.0
94.0
98.0
90.0
66.0
74.0
74.0
73.0
55.0
78.0
84.0
89.0
73.0
99.0
91.0
88.0
67.0
96.0
82.0
83.0
43.0
94.0
99.0
46.0
92.0
73.0
