# "description": 'Per capita alcohol \nconsumption (2016)'
# "name": "alcohol_consumption"
# "units": "pure liters per year"
0.5
5.7
1.0
10.5
10.8
5.4
9.1
5.4
11.2
10.6
4.0
5.4
0.9
0.2
7.8
16.4
13.2
8.2
2.6
0.5
5.9
5.9
8.2
8.9
1.3
13.6
7.6
6.9
8.2
5.3
9.9
10.0
3.8
5.2
9.0
7.8
5.2
0.2
7.9
5.1
4.1
5.2
13.6
5.4
9.3
13.7
3.9
3.0
10.1
0.4
5.0
6.6
5.1
0.4
3.4
11.6
1.2
12.8
4.6
3.3
10.9
11.7
10.8
5.0
8.1
11.4
4.4
8.5
8.1
3.1
0.8
5.4
8.7
6.3
3.8
12.3
7.5
5.0
0.6
1.0
0.4
10.9
3.0
7.6
5.5
7.8
0.5
8.7
4.4
2.7
0.2
5.5
7.3
12.3
1.6
5.7
5.4
0.1
18.2
11.1
1.8
2.4
1.5
1.7
1.2
7.5
nan
0.1
4.0
7.1
2.4
nan
7.8
9.6
0.8
2.3
2.2
11.8
3.6
2.5
8.7
10.1
5.1
0.5
9.1
7.1
7.8
0.5
0.2
nan
7.9
2.4
6.3
8.9
5.6
12.3
10.6
1.0
11.9
15.9
13.7
13.9
11.5
6.9
7.6
7.6
2.8
nan
8.8
0.2
0.5
11.8
10.8
5.7
1.9
12.3
11.3
1.4
0.5
11.2
nan
9.2
4.1
3.3
8.0
6.0
8.8
10.0
0.8
2.9
7.2
2.8
1.0
2.6
1.4
7.9
1.6
1.9
5.5
1.9
11.8
12.8
3.0
12.3
6.3
9.3
6.8
5.1
1.3
7.1
8.6
0.2
3.9
8.5
