# "description": 'Births to adolescent \nwomen (2005–2014)'
# "name": "adolescent_births"
# "units": "per 1,000"
51.9
19.7
12.4
4.4
190.9
nan
68.1
22.7
14.2
7.9
47.2
34.6
13.8
113.0
49.7
21.6
7.2
64.0
94.0
28.4
115.6
11.0
39.0
64.8
16.6
40.8
130.0
85.0
nan
57.0
119.0
12.6
229.0
203.4
51.5
6.2
84.0
70.0
147.0
56.0
61.2
125.0
11.8
52.5
4.2
11.1
0.7
138.0
2.4
20.6
47.2
90.0
nan
56.0
72.0
176.0
76.0
15.6
71.2
27.5
7.3
6.2
115.0
88.0
41.5
7.8
65.0
8.3
nan
91.0
146.0
136.7
101.0
66.0
101.0
19.8
7.1
28.1
47.0
37.7
82.0
9.2
10.2
5.8
45.7
4.4
26.0
36.4
96.0
49.9
7.1
42.1
94.0
15.3
nan
94.0
147.0
6.0
13.9
6.4
148.0
143.0
12.7
13.7
172.0
13.1
85.0
71.0
29.4
70.9
32.6
nan
26.7
13.4
32.0
167.0
30.3
82.0
105.3
71.0
4.5
19.1
92.0
206.0
122.0
14.3
5.0
13.5
44.0
27.0
91.1
nan
63.0
65.0
57.0
14.0
10.5
13.4
1.7
26.7
38.9
26.6
45.0
nan
42.5
70.0
44.0
1.3
92.0
17.6
80.0
22.0
61.2
125.0
2.7
21.2
4.6
62.0
64.0
54.0
158.0
8.4
20.3
87.0
65.3
87.0
5.1
2.0
54.0
54.0
60.0
18.7
50.0
85.0
30.0
35.5
6.7
29.0
21.0
42.0
140.0
27.2
34.2
19.3
72.1
26.6
63.5
29.5
78.0
94.5
36.0
67.0
145.0
120.0
