# "description": 'Particulate matter in air (2014)'
# "name": "particulate_matter"
# "units": "micrograms per cubi meter"
63.4
17.1
25.1
10.5
42.4
13.0
14.4
25.0
5.8
17.1
26.3
12.6
60.1
88.8
14.0
18.0
15.9
20.7
27.9
39.0
31.6
55.1
19.2
11.3
5.4
30.3
36.8
48.9
nan
25.0
63.6
7.2
55.9
61.3
25.0
59.5
18.1
16.0
56.9
nan
19.1
19.2
20.3
16.5
17.2
20.7
31.4
60.7
10.5
46.0
13.0
17.0
13.3
100.6
37.0
32.0
35.7
8.4
36.2
6.0
7.1
12.6
35.8
43.0
23.0
14.4
22.1
12.6
14.0
33.4
19.4
28.9
16.1
24.6
39.6
22.7
7.7
65.7
17.8
40.2
51.3
9.9
19.2
18.2
17.1
12.9
37.7
21.1
16.8
nan
78.4
15.4
33.5
20.1
31.2
21.7
6.0
58.2
19.4
16.6
32.0
25.6
16.6
nan
34.5
14.4
nan
86.2
14.3
20.1
6.0
9.2
32.1
24.3
18.9
22.3
56.6
18.4
nan
74.3
14.9
5.3
26.0
51.5
37.6
nan
9.1
47.4
67.7
nan
12.8
12.0
16.9
35.7
27.1
25.4
9.6
104.6
27.8
17.1
20.2
16.6
50.6
nan
15.0
nan
nan
nan
nan
127.1
43.2
21.4
13.0
16.8
17.0
20.2
19.4
5.0
16.9
31.3
32.1
9.9
28.5
52.7
16.3
19.8
5.9
12.5
34.1
50.7
27.3
42.7
15.0
25.9
nan
12.7
35.2
35.2
26.2
nan
79.6
16.9
64.4
12.4
23.9
8.4
11.5
38.3
7.0
24.0
27.6
42.0
29.5
23.9
