# "description": 'Common disease deaths, \nages 30 to 70 (2015)'
# "name": "early_disease_deaths"
# "units": "percent"
31.0
14.7
15.0
nan
24.8
15.6
17.1
23.2
8.9
11.2
23.8
16.8
15.5
21.5
16.2
28.6
11.6
22.5
22.2
23.1
16.0
17.6
18.6
16.9
12.6
23.8
23.0
21.6
16.1
23.3
22.4
9.8
23.6
23.0
11.5
18.1
14.6
22.6
17.8
nan
11.1
28.4
17.1
16.4
11.5
15.6
26.5
20.3
11.6
19.4
nan
18.7
13.1
23.5
14.2
25.0
25.4
17.2
19.3
31.4
10.1
10.9
16.3
20.4
22.2
12.0
21.3
12.3
25.3
15.5
20.3
18.8
27.8
24.3
13.9
22.9
8.3
23.3
26.6
14.8
22.0
10.3
9.5
9.4
15.2
8.8
19.6
28.6
17.8
28.2
18.0
24.0
25.8
22.9
18.4
23.6
17.1
20.3
20.4
9.7
23.7
20.2
17.1
12.4
24.4
10.5
nan
18.5
22.5
15.2
25.9
nan
29.9
22.0
16.7
22.9
24.5
18.6
nan
21.8
11.0
10.4
16.3
17.8
20.8
nan
9.6
17.8
24.7
nan
13.7
36.1
17.8
12.7
28.6
18.4
11.3
14.2
8.3
23.1
21.3
29.3
20.4
nan
19.7
24.4
22.0
nan
18.0
16.4
17.9
20.4
21.7
30.3
10.1
17.6
13.2
26.4
20.2
26.5
20.3
10.0
17.7
25.7
20.9
25.1
9.1
8.7
23.9
25.8
16.2
22.2
20.7
22.4
24.1
25.6
16.8
16.8
34.5
nan
21.6
28.9
17.4
11.0
17.8
13.6
16.7
26.9
22.3
17.9
17.3
30.9
17.2
18.4
