# "description": 'Homicide mortality (2015)'
# "name": "homicide"
# "units": "per 100,000"
7.0
4.1
4.2
nan
9.6
4.8
4.7
1.7
0.9
1.0
2.2
23.7
0.7
2.9
10.1
6.2
1.1
37.2
6.0
1.5
13.6
3.1
10.8
30.5
1.3
1.5
9.8
6.2
5.9
2.2
11.5
1.8
13.1
9.0
4.6
0.9
48.8
7.6
10.1
nan
9.2
11.8
1.0
4.9
2.2
0.9
4.4
13.4
1.1
6.8
nan
30.2
10.2
5.0
63.2
3.2
7.5
4.4
7.6
2.5
1.6
0.9
9.0
9.1
4.2
0.7
10.0
2.0
6.4
36.2
8.5
9.2
18.8
28.1
85.7
1.2
1.3
4.0
4.3
4.1
12.7
0.9
2.0
0.9
35.2
0.3
3.0
9.0
8.2
9.1
2.5
7.7
6.9
6.7
4.2
29.7
10.4
2.5
6.8
0.4
7.7
1.7
3.8
3.5
10.8
2.9
nan
10.2
2.7
19.0
4.7
nan
8.2
2.6
1.6
3.0
3.9
14.6
nan
3.3
0.7
1.2
15.0
10.0
9.8
nan
0.7
5.0
9.5
nan
18.7
12.2
7.5
14.6
11.6
0.9
1.1
8.1
2.0
5.5
1.5
10.3
5.1
nan
13.5
21.7
3.1
nan
6.4
5.8
7.3
1.7
10.2
13.2
2.7
1.3
0.6
4.1
5.6
26.2
4.5
0.8
3.1
6.5
10.7
20.0
1.2
0.6
2.5
1.3
4.0
1.4
4.4
9.1
3.8
32.8
1.6
2.4
4.2
nan
13.1
6.0
3.7
1.3
7.6
5.3
7.6
3.0
2.1
51.7
3.9
6.1
9.7
28.5
