# "description": 'Suicide mortality (2015)'
# "name": "suicide_moratlity"
# "units": "per 100,000"
5.5
4.3
3.1
nan
20.5
0.0
14.2
5.4
11.8
16.4
3.3
1.8
6.5
5.5
0.4
22.8
20.5
7.3
9.3
11.7
18.7
6.0
9.7
6.3
1.3
15.9
9.2
8.0
8.5
11.9
11.9
12.3
17.4
8.7
9.9
10.0
6.1
7.4
9.6
nan
7.7
18.1
17.5
14.0
4.7
13.7
15.8
9.8
12.2
8.6
nan
6.8
7.5
2.6
11.1
22.6
6.7
18.9
8.4
8.5
16.2
16.9
10.9
6.2
6.7
13.4
6.9
4.3
0.5
2.5
7.7
6.3
29.0
11.2
3.5
21.6
13.1
15.7
2.9
3.6
3.0
11.7
5.5
7.9
1.4
19.6
3.2
27.5
6.5
14.3
4.0
7.4
12.3
21.7
3.1
10.4
6.3
5.5
32.7
11.1
4.6
5.5
5.8
8.6
5.7
6.0
nan
5.9
9.3
5.0
11.2
nan
28.3
11.0
4.8
8.4
4.3
7.6
nan
6.0
11.9
12.6
9.5
4.1
9.9
nan
10.9
5.6
2.1
nan
5.5
10.3
10.2
5.8
3.4
22.3
13.6
6.4
28.3
14.8
11.7
20.1
8.5
nan
6.8
2.7
5.7
nan
2.0
3.4
6.1
17.0
9.3
15.3
9.9
12.5
21.4
7.9
5.4
10.7
6.4
8.5
35.3
10.2
26.6
14.7
15.4
15.1
2.7
4.0
16.0
8.0
7.1
9.5
3.5
14.5
5.5
8.7
10.0
nan
7.1
20.1
2.9
8.5
7.0
14.3
17.0
9.3
5.8
3.0
7.4
8.2
6.4
10.5
